Data: 	X dimension: 300 11
	Y dimension: 300 1
Fit method: svdpc
Number of components considered: 11

VALIDATION: RMSEP
Cross-validated using 10 random segments.
       (Intercept)  1 comps  2 comps  3 comps  4 comps  5 comps  6 comps
CV           1.016    1.017   0.5441   0.5232   0.5038   0.4938   0.4684
adjCV        1.016    1.016   0.5378   0.5212   0.5045   0.4872   0.4637
       7 comps  8 comps  9 comps  10 comps  11 comps
CV      0.4506   0.4416   0.4355    0.4369    0.4371
adjCV   0.4438   0.4395   0.4347    0.4361    0.4363

TRAINING: % variance explained
           1 comps  2 comps  3 comps  4 comps  5 comps  6 comps  7 comps
X        99.921793    99.94    99.95    99.96    99.97    99.98    99.98
Balance   0.004399    72.70    74.39    76.66    79.10    80.97    82.42
         8 comps  9 comps  10 comps  11 comps
X          99.99   100.00    100.00    100.00
Balance    82.57    82.69     82.69     82.76
[1] 56.89802
null device
          1
, , 9 comps

         Balance
1   -0.465783464
2    1.357181561
3    0.769188578
4   -0.157847769
5   -0.517480243
6    0.616666901
7   -1.335342855
8    0.676061725
9   -0.510721761
10   0.599791647
11   0.252183285
12  -0.007851725
13   3.200786511
14   0.339805358
15  -1.022286887
16   1.044640356
17   0.782236358
18   0.085490039
19  -1.322829146
20  -1.274667690
21   0.054978448
22  -0.134323286
23  -0.675485274
24  -0.183364507
25  -1.243651779
26  -0.984393910
27  -0.652275241
28  -0.607411892
29   0.801728471
30   0.086591318
31   0.036729124
32  -1.036379468
33   1.362914534
34  -0.980630923
35   0.520583673
36  -0.638439191
37  -0.363537063
38   0.665375889
39  -1.277491452
40   0.088813647
41  -0.908789322
42  -0.760305177
43   0.587892956
44  -0.955087082
45  -0.481161703
46  -0.195851739
47  -0.199738755
48   0.169380879
49  -1.194385988
50  -1.340265561
51   0.145858200
52   1.357944948
53  -0.358228232
54   0.086165956
55  -0.333825673
56   0.355242092
57   0.092304672
58   1.232704640
59  -0.606542245
60  -1.470191283
61  -1.047649662
62  -0.717190879
63  -0.389714752
64  -0.587052921
65   1.359352006
66   0.035403751
67  -0.539457620
68  -0.065927046
69   0.391957406
70   0.484107550
71   0.904809759
72  -0.971359278
73  -1.245370235
74   0.108291316
75   0.804178586
76  -0.393209432
77   0.783268841
78   0.132991409
79   1.506770235
80  -0.390052727
81  -0.274265515
82  -0.674372249
83  -0.458663166
84  -0.044458429
85  -0.706166333
86  -0.191989000
87  -0.500327916
88   0.352535562
89   0.022464692
90  -0.501152080
91   0.255685066
92  -0.436887126
93  -0.090151870
94   0.058001516
95   1.154747683
96   0.583045727
97  -1.104706856
98   0.938071500
99   0.169606258
100 -0.284658865

[1] 0.1691158
Data: 	X dimension: 400 12
	Y dimension: 400 1
Fit method: svdpc
Number of components considered: 9
TRAINING: % variance explained
           1 comps  2 comps  3 comps  4 comps  5 comps  6 comps  7 comps
X        99.918036    99.94    99.95    99.96    99.97    99.97    99.98
Balance   0.003681    58.21    58.42    60.55    60.79    61.24    63.17
         8 comps  9 comps
X          99.99    99.99
Balance    68.70    68.71
NULL
