Data: 	X dimension: 300 11 
	Y dimension: 300 1
Fit method: kernelpls
Number of components considered: 11

VALIDATION: RMSEP
Cross-validated using 10 random segments.
       (Intercept)  1 comps  2 comps  3 comps  4 comps  5 comps  6 comps
CV           1.016    1.018   0.4559   0.4363   0.4371   0.4377   0.4381
adjCV        1.016    1.018   0.4550   0.4355   0.4363   0.4369   0.4371
       7 comps  8 comps  9 comps  10 comps  11 comps
CV      0.4383   0.4392   0.4388    0.4386    0.4386
adjCV   0.4369   0.4379   0.4378    0.4376    0.4376

TRAINING: % variance explained
          1 comps  2 comps  3 comps  4 comps  5 comps  6 comps  7 comps
X        99.87644    99.94    99.95    99.96    99.97    99.97    99.98
Balance   0.06639    80.67    82.65    82.68    82.69    82.69    82.73
         8 comps  9 comps  10 comps  11 comps
X          99.98    99.99     99.99    100.00
Balance    82.76    82.76     82.76     82.76
[1] 57.10044
null device 
          1 
, , 3 comps

         Balance
1   -0.495022263
2    1.375171254
3    0.787290316
4   -0.167848651
5   -0.512137636
6    0.637865226
7   -1.343944617
8    0.650095976
9   -0.496159886
10   0.612698851
11   0.230451065
12  -0.008707594
13   3.212530506
14   0.303348034
15  -1.060265513
16   1.029185031
17   0.800872043
18   0.085491793
19  -1.313277515
20  -1.264773248
21   0.098522045
22  -0.153959969
23  -0.675947296
24  -0.200411996
25  -1.253648802
26  -0.961817225
27  -0.670393620
28  -0.594925120
29   0.825446699
30   0.090077107
31   0.025415015
32  -1.036227003
33   1.393575592
34  -0.982152422
35   0.521931810
36  -0.615904491
37  -0.359044303
38   0.638085141
39  -1.292890418
40   0.076259932
41  -0.891737284
42  -0.753501327
43   0.568094593
44  -0.960682891
45  -0.461738840
46  -0.174147829
47  -0.185337051
48   0.163624111
49  -1.189265167
50  -1.352249863
51   0.127814587
52   1.371162360
53  -0.373235140
54   0.085192198
55  -0.327735247
56   0.376342367
57   0.089810820
58   1.233838612
59  -0.583731666
60  -1.480514783
61  -1.032378627
62  -0.743595250
63  -0.419339641
64  -0.611865017
65   1.348152010
66   0.049076198
67  -0.520613359
68  -0.086399670
69   0.416259146
70   0.502381940
71   0.909530994
72  -0.964282887
73  -1.229000362
74   0.137243515
75   0.834560268
76  -0.370012184
77   0.782163571
78   0.127898990
79   1.524713035
80  -0.403618291
81  -0.279541384
82  -0.684472134
83  -0.468650927
84  -0.044240129
85  -0.693115758
86  -0.193651786
87  -0.529552552
88   0.343439360
89   0.018041155
90  -0.502546546
91   0.280127826
92  -0.433054617
93  -0.057364884
94   0.088365734
95   1.147774567
96   0.566987042
97  -1.110261118
98   0.926996159
99   0.208190818
100 -0.306073198

[1] 0.1691708
Data: 	X dimension: 400 12 
	Y dimension: 400 1
Fit method: kernelpls
Number of components considered: 3
TRAINING: % variance explained
         1 comps  2 comps  3 comps
X        99.8492    99.94    99.94
Balance   0.0783    69.70    86.63
NULL
